1739916953577 0.28098968664805096 0
1739916985745 0.2826777564154731 1
1739917017818 0.2807879712846544 2
1739917049818 0.2799336976475186 3
1739917082204 0.2781822681427002 4
1739917113944 0.28242938386069405 5
1739917146042 0.2813658052020603 6
1739917178027 0.282728824350569 7
1739917210048 0.28116979201634723 8
1739917241933 0.2824573847982619 9
1739917274160 0.28265585501988727 10
1739917306345 0.28097956710391575 11
1739917338422 0.2822418808937073 12
1739917370634 0.2809592088063558 13
1739917402929 0.28117010990778607 14
1739917434935 0.2829238639937507 15
1739917466766 0.2798905505074395 16
1739917499311 0.2815944221284654 17
1739917531352 0.2798664967219035 18
1739917563752 0.28077369266086155 19
1739917596250 0.2798688941531711 20
1739917628703 0.2824363046222263 21
1739917661277 0.28227515353096855 22
1739917693516 0.28285183509190875 23
1739917725963 0.2822772264480591 24
1739917758534 0.28244545062383014 25
1739917791209 0.282855576939053 26
1739917823946 0.28096698390112984 27
1739917856620 0.2809523079130385 28
1739917889011 0.28264792760213214 29
1739917921488 0.28097209003236556 30
1739917953839 0.28121499882804024 31
1739917986796 0.2813668449719747 32
1739918019952 0.28179064724180436 33
1739918053156 0.28118450111813015 34
1739918085912 0.28073535362879437 35
1739918119084 0.28114139371448094 36
1739918152942 0.28225521246592206 37
1739918186111 0.28119345506032306 38
1739918219328 0.28121186627282035 39
1739918252950 0.2824387749036153 40
1739918286174 0.28222909900877213 41
1739918319669 0.27940574619505143 42
1739918353431 0.28221143616570366 43
1739918386975 0.2811681826909383 44
1739918420470 0.28288130627738106 45
1739918453812 0.27961781952116227 46
1739918487696 0.27990128596623737 47
1739918521291 0.28155455986658734 48
1739918554288 0.2796480920579698 49
