1739920259596 0.2829468117819892 0
1739920293223 0.2833592693010966 1
1739920327327 0.2799358367919922 2
1739920360769 0.2827816870477464 3
1739920394232 0.28273577160305446 4
1739920427924 0.2814151578479343 5
1739920461371 0.28187282217873466 6
1739920494777 0.2829429308573405 7
1739920528050 0.2816435032420688 8
1739920561346 0.2831608321931627 9
1739920594805 0.28143907255596584 10
1739920628307 0.2829294866985745 11
1739920662039 0.2833783229192098 12
1739920695547 0.2831618653403388 13
1739920728850 0.28191065788269043 14
1739920762629 0.28149845202763873 15
1739920796255 0.2827189697159661 16
1739920829614 0.28201232353846234 17
1739920863119 0.28296250767178005 18
1739920896812 0.28273827499813503 19
1739920930034 0.2820767362912496 20
1739920963520 0.2831645674175686 21
1739920996879 0.28030210733413696 22
1739921030405 0.28292659256193375 23
1739921063961 0.2835655146174961 24
1739921097566 0.28015416198306614 25
1739921131198 0.2820674644576179 26
1739921164761 0.28294989797804093 27
1739921198447 0.2814312113655938 28
1739921232435 0.28165674209594727 29
1739921266037 0.2831195857789781 30
1739921299640 0.28060563405354816 31
1739921333350 0.2829441958003574 32
1739921367329 0.28164391385184395 33
1739921400980 0.2831306921111213 34
1739921434979 0.2831253343158298 35
1739921468989 0.27882856130599976 36
1739921502593 0.2822820213105943 37
1739921536547 0.28274691767162746 38
1739921570530 0.28012675709194607 39
1739921604269 0.28161925739712185 40
1739921638091 0.2829596797625224 41
1739921672041 0.2813841568099128 42
1739921705793 0.28120282623502946 43
1739921739569 0.28293759955300224 44
1739921773679 0.2833327651023865 45
1739921807028 0.28296211030748153 46
1739921841443 0.280178705851237 47
1739921875376 0.2833215461836921 48
1739921909015 0.2827260096867879 49
