1739915337735 0.2930838664372762 0
1739915370325 0.28518783383899265 1
1739915402401 0.28723833296034074 2
1739915435074 0.2838586105240716 3
1739915467541 0.2839949197239346 4
1739915501865 0.28234854009416366 5
1739915534373 0.2814161578814189 6
1739915566605 0.28275495767593384 7
1739915598372 0.2803860505421956 8
1739915630119 0.28022311131159466 9
1739915661899 0.27923594580756295 10
1739915693660 0.28099749485651654 11
1739915725624 0.2815883225864834 12
1739915757772 0.27840786510043675 13
1739915789927 0.2811893555853102 14
1739915821681 0.2809769842359755 15
1739915853773 0.2796497941017151 16
1739915885382 0.28029027250077987 17
1739915916955 0.28111610809961957 18
1739915948998 0.27878263261583114 19
1739915980798 0.2799581421746148 20
1739916012343 0.28171273072560626 21
1739916044186 0.2781580554114448 22
1739916076115 0.2805437048276265 23
1739916108264 0.2818887498643663 24
1739916139791 0.28142984045876396 25
1739916171495 0.28231808212068343 26
1739916203716 0.2813275522655911 27
1739916235377 0.2821151415506999 28
1739916267177 0.2799038887023926 29
1739916299354 0.2792724437183804 30
1739916331295 0.28053518136342365 31
1739916363293 0.28278840912712944 32
1739916395317 0.2808692852656047 33
1739916427163 0.2814246151182387 34
1739916459521 0.28087737162907916 35
1739916491620 0.2814209394984775 36
1739916523828 0.2811257640520732 37
1739916556263 0.28126373555925155 38
1739916588269 0.2814561261071099 39
1739916621714 0.28276840183469987 40
1739916655303 0.28256317641999984 41
1739916688938 0.28101978037092423 42
1739916722866 0.28276970651414657 43
1739916756558 0.28016767899195355 44
1739916789374 0.28125789430406356 45
1739916821504 0.2810275223520067 46
1739916853587 0.2814635965559218 47
1739916885563 0.2814400593439738 48
1739916917907 0.2814649674627516 49
