1732196328132 0.17462289333343506 0
1732196391450 0.1717912769317627 1
1732196457627 0.17054165840148927 2
1732196521284 0.16992936849594117 3
1732196584621 0.16940818071365357 4
1732196649490 0.1692269229888916 5
1732196711786 0.16883970260620118 6
1732196774360 0.16936022520065308 7
1732196837401 0.16915993690490722 8
1732196900744 0.1685822892189026 9
1732196964360 0.16888947248458863 10
1732197030177 0.1689019274711609 11
1732197217151 0.16927169322967528 12
1732197323139 0.1690238881111145 13
1732197390289 0.16903377056121827 14
1732197455823 0.16946029663085938 15
1732197521816 0.16933314323425294 16
1732197588100 0.16932682275772096 17
1732197654226 0.16917915344238282 18
1732197719907 0.16897925853729248 19
1732197785698 0.16911099672317506 20
1732197851337 0.1689042019844055 21
1732197917487 0.1689523959159851 22
1732197983697 0.16890873193740844 23
1732198049373 0.16945251941680908 24
1732198118023 0.16918363571166992 25
1732198184551 0.16948251724243163 26
1732198251035 0.16898174285888673 27
1732198318423 0.1694311308860779 28
1732198384644 0.16904642820358276 29
1732198451310 0.1692727518081665 30
1732198518449 0.16957895278930665 31
1732198584801 0.16972688674926759 32
1732198651327 0.16961118698120117 33
1732198717789 0.16981705904006958 34
1732198783816 0.1697487998008728 35
1732198849936 0.16983723878860474 36
1732198916723 0.1697319769859314 37
1732198982449 0.16965290069580077 38
1732199048093 0.16976218700408935 39
1732199114884 0.1696065855026245 40
1732199185060 0.1699405074119568 41
1732199256077 0.16990950107574462 42
1732199325033 0.16992401599884033 43
1732199395359 0.1701352548599243 44
1732199465334 0.1699511957168579 45
1732199534745 0.17016714096069335 46
1732199603753 0.16992499351501464 47
1732199675253 0.17012799501419068 48
1732199750194 0.16973480463027954 49
1732199823428 0.17018754720687868 50
1732199897460 0.16972540855407714 51
1732199969498 0.17025757551193238 52
1732200038827 0.16976300716400147 53
1732200105621 0.16972777128219604 54
1732200171700 0.16993252515792848 55
1732200240433 0.17004435300827025 56
1732200308340 0.17006712913513183 57
1732200377918 0.17003484010696412 58
1732200448215 0.16993106365203858 59
1732200517418 0.16991669654846192 60
1732200581803 0.17010286808013916 61
1732200644413 0.170132155418396 62
1732200708457 0.16989412069320678 63
1732200771517 0.17000545263290406 64
1732200841116 0.16986386299133302 65
1732200910136 0.16997138977050782 66
1732200979435 0.16982231616973878 67
1732201047883 0.17005619049072265 68
1732201114295 0.1696968388557434 69
1732201181232 0.17012256145477295 70
1732201249714 0.1699549913406372 71
1732201316400 0.1702006483078003 72
1732201382920 0.1698778486251831 73
1732201450336 0.1701390552520752 74
1732201517767 0.16972208261489868 75
1732201585643 0.1701272678375244 76
1732201653062 0.1699197030067444 77
1732201724794 0.1699670147895813 78
1732201799857 0.17014550685882568 79
1732201868418 0.17006795167922972 80
1732201935166 0.1697557544708252 81
1732202011576 0.16995180130004883 82
1732202083471 0.1699098253250122 83
1732202150503 0.16989562749862672 84
1732202218161 0.1697171926498413 85
1732202285927 0.1696307373046875 86
1732202354435 0.16992963075637818 87
1732202425334 0.17012957334518433 88
1732202499578 0.16969944953918456 89
1732202569531 0.17009711027145386 90
1732202641838 0.17000481843948365 91
1732202712980 0.17002546548843384 92
1732202783977 0.16991875886917115 93
1732202856181 0.17007961750030517 94
1732202925923 0.17020532131195068 95
1732202997070 0.1701307153701782 96
1732203067141 0.1702160954475403 97
1732203137753 0.16977052688598632 98
1732203207412 0.169880473613739 99
