1732203315637 0.17005393743515015 0
1732203386042 0.17020581007003785 1
1732203456449 0.17020780801773072 2
1732203526301 0.1701340389251709 3
1732203596007 0.17026012659072876 4
1732203670589 0.17029622793197632 5
1732203743031 0.17023755073547364 6
1732203813577 0.169830539226532 7
1732203883985 0.1702197551727295 8
1732203953956 0.17017861127853393 9
1732204025191 0.1699266505241394 10
1732204096056 0.17004239320755005 11
1732204166409 0.17006543159484863 12
1732204240319 0.17019279956817626 13
1732204311303 0.16999001026153565 14
1732204375229 0.17020971298217774 15
1732204438685 0.17018956899642945 16
1732204502979 0.1701657509803772 17
1732204567152 0.17011085987091065 18
1732204630303 0.17022943496704102 19
1732204693437 0.17019549131393433 20
1732204758449 0.16986027717590332 21
1732204822207 0.16996840715408326 22
1732204886108 0.16995232582092284 23
1732204950484 0.16978564500808715 24
1732205014254 0.1699680495262146 25
1732205077523 0.1697613763809204 26
1732205141725 0.17017181158065797 27
1732205205191 0.16961884260177612 28
1732205268753 0.17010205507278442 29
1732205332628 0.1698075819015503 30
1732205396658 0.1698535966873169 31
1732205460736 0.17017067670822145 32
1732205524712 0.16980490922927857 33
1732205588384 0.1702059507369995 34
1732205652016 0.17014055728912353 35
1732205715516 0.17009827852249146 36
1732205779991 0.169852614402771 37
1732205843387 0.1700807499885559 38
1732205906354 0.1697684669494629 39
1732205969511 0.17009072065353392 40
1732206033175 0.1700075674057007 41
1732206096316 0.17001159191131593 42
1732206159461 0.17001113176345825 43
1732206222900 0.16997278928756715 44
1732206285934 0.16995003461837768 45
1732206349358 0.16994460582733154 46
1732206412707 0.16993886709213257 47
1732206475625 0.1700889301300049 48
1732206540711 0.1702674412727356 49
1732206607306 0.17007274866104127 50
1732206672369 0.17004271030426024 51
1732206735797 0.17012918949127198 52
1732206799256 0.1699928832054138 53
1732206864390 0.17011986017227174 54
1732206927665 0.17014793634414674 55
1732206991090 0.1702584981918335 56
1732207054952 0.17003715991973878 57
1732207118835 0.17012890577316284 58
1732207182686 0.17001755714416503 59
1732207245891 0.16997794628143312 60
1732207309346 0.1700041437149048 61
1732207372644 0.16998063087463378 62
1732207436309 0.1701369857788086 63
1732207500216 0.1701964282989502 64
1732207564036 0.16999098300933838 65
1732207628353 0.17009525060653685 66
1732207691582 0.17011396169662477 67
1732207755706 0.1699311089515686 68
1732207820537 0.17009736776351927 69
1732207884096 0.16997064352035524 70
1732207947322 0.17011188983917236 71
1732208010572 0.17007115840911866 72
1732208074649 0.17003234148025512 73
1732208138002 0.16994012832641603 74
1732208201935 0.1698337960243225 75
1732208265700 0.16971933841705322 76
1732208330224 0.1699367022514343 77
1732208393527 0.16987577199935913 78
1732208457532 0.16999666452407836 79
1732208521324 0.1701281476020813 80
1732208585057 0.16997408628463745 81
1732208648314 0.17001604318618774 82
1732208711407 0.17010484457015992 83
1732208774577 0.1699926257133484 84
1732208838694 0.17010471105575561 85
1732208902573 0.16994307994842528 86
1732208965988 0.17007211446762086 87
1732209029081 0.1700254225730896 88
1732209092694 0.16976087808609008 89
1732209156856 0.1698581337928772 90
1732209220325 0.16942502737045287 91
1732209283837 0.16964248657226563 92
1732209347834 0.1696752977371216 93
1732209411544 0.16938377141952515 94
1732209475236 0.16948752880096435 95
1732209538934 0.16979480266571045 96
1732209603284 0.1696241283416748 97
1732209666161 0.16985191345214845 98
1732209729550 0.16942961692810057 99
