1732215989446 0.17066183805465698 0
1732216053259 0.17095278739929198 1
1732216117727 0.17064449310302734 2
1732216181891 0.1709112286567688 3
1732216245688 0.17098211765289306 4
1732216309071 0.17092379093170165 5
1732216372960 0.17069039344787598 6
1732216437178 0.1705708074569702 7
1732216500999 0.1705281090736389 8
1732216564921 0.17064152240753175 9
1732216628807 0.17064194440841673 10
1732216692086 0.169946506023407 11
1732216755693 0.17070189237594605 12
1732216819719 0.1706156015396118 13
1732216883920 0.17044278621673584 14
1732216948338 0.17022603750228882 15
1732217012521 0.17035059928894042 16
1732217077322 0.17023903131484985 17
1732217140887 0.17017870664596557 18
1732217204540 0.17009325504302977 19
1732217268358 0.1706751585006714 20
1732217332221 0.17023182153701782 21
1732217395560 0.17051011562347412 22
1732217459493 0.17033692836761474 23
1732217523940 0.17046334266662597 24
1732217588068 0.17067840576171875 25
1732217652206 0.17051876306533814 26
1732217716659 0.17050437688827513 27
1732217781104 0.17073299169540404 28
1732217845034 0.17088093519210815 29
1732217908670 0.17069809436798095 30
1732217972424 0.17096383810043336 31
1732218036912 0.17085666418075562 32
1732218100806 0.17069815397262572 33
1732218165294 0.17010101795196533 34
1732218229475 0.170412859916687 35
1732218294373 0.17032555341720582 36
1732218358635 0.17012850284576417 37
1732218423083 0.17013930797576904 38
1732218487498 0.17026277065277098 39
1732218551801 0.17018340587615965 40
1732218616679 0.17001089096069336 41
1732218681377 0.17011336088180543 42
1732218745764 0.16977812051773072 43
1732218810078 0.1696189260482788 44
1732218874227 0.17002378940582275 45
1732218938845 0.16988061904907226 46
1732219003807 0.16999664306640624 47
1732219068445 0.16997323274612428 48
1732219133249 0.1696685266494751 49
1732219197521 0.16964760303497314 50
1732219261815 0.16996452808380128 51
1732219326111 0.17003403186798097 52
1732219390808 0.17007715463638307 53
1732219454826 0.16985946893692017 54
1732219519253 0.16965844869613647 55
1732219583783 0.16992510318756104 56
1732219648518 0.17003554821014405 57
1732219712022 0.16976832389831542 58
1732219775905 0.1700363802909851 59
1732219840097 0.1700761365890503 60
1732219904062 0.16980462551116943 61
1732219968316 0.16990604877471924 62
1732220032579 0.1699493956565857 63
1732220097372 0.16970412254333497 64
1732220161723 0.16947498559951782 65
1732220226176 0.1698516058921814 66
1732220290431 0.16971922397613526 67
1732220354498 0.16990718603134156 68
1732220419390 0.16988861560821533 69
1732220483952 0.16986413478851317 70
1732220548286 0.16953733921051026 71
1732220612585 0.16978342533111573 72
1732220676914 0.16935518980026246 73
1732220741277 0.16980896949768065 74
1732220805682 0.1694309902191162 75
1732220869941 0.16962374925613402 76
1732220934475 0.16962403535842896 77
1732220998759 0.16963347673416138 78
1732221063138 0.1697717261314392 79
1732221127613 0.16990469932556151 80
1732221191416 0.1698260164260864 81
1732221255764 0.17025390148162842 82
1732221319736 0.17016461849212647 83
1732221383387 0.1700899314880371 84
1732221447430 0.16983109712600708 85
1732221511365 0.17022188901901245 86
1732221575898 0.1699391222000122 87
1732221640637 0.16980330944061278 88
1732221704731 0.16958433151245117 89
1732221769628 0.16972463369369506 90
1732221833840 0.16982967615127564 91
1732221897869 0.16994534969329833 92
1732221961729 0.169954993724823 93
1732222026209 0.1704890537261963 94
1732222090737 0.17024552822113037 95
1732222155279 0.169856059551239 96
1732222220075 0.16991896152496339 97
1732222283874 0.16999543190002442 98
1732222347965 0.17025373458862306 99
