1720345124464 0.20677504315972328 0
1720345170894 0.20809230580925941 1
1720345216595 0.20699073001742363 2
1720345266386 0.20502886921167374 3
1720345312364 0.20818907022476196 4
1720345359863 0.20588894560933113 5
1720345412286 0.20671435818076134 6
1720345464708 0.20547477528452873 7
1720345513487 0.2073049694299698 8
1720345560747 0.2071615532040596 9
1720345607902 0.2037387453019619 10
1720345656177 0.20581379160284996 11
1720345702719 0.20447691529989243 12
1720345759218 0.20593861863017082 13
1720345811894 0.20460432767868042 14
1720345857536 0.20550331473350525 15
1720345907155 0.20668486133217812 16
1720345958537 0.20619623363018036 17
1720346005726 0.20675672963261604 18
1720346052637 0.2058916948735714 19
1720346104842 0.20396370440721512 20
1720346152779 0.2056044079363346 21
1720346198892 0.20423568040132523 22
1720346242307 0.2065696269273758 23
1720346292083 0.20526500418782234 24
1720346340443 0.2070687860250473 25
1720346384664 0.20455162972211838 26
1720346435235 0.2050522156059742 27
1720346486010 0.20547468215227127 28
1720346534706 0.20530353114008904 29
1720346586449 0.20654620602726936 30
1720346637154 0.20587336272001266 31
1720346677116 0.20412027090787888 32
1720346727693 0.2070464938879013 33
1720346779475 0.20749200880527496 34
1720346827606 0.20609846711158752 35
1720346874582 0.20671849697828293 36
1720346923287 0.20764074102044106 37
1720346974428 0.206255953758955 38
1720347016945 0.20519254729151726 39
1720347059688 0.20490733161568642 40
1720347104792 0.20411450415849686 41
1720347147170 0.2046370543539524 42
1720347192407 0.20595380663871765 43
1720347237465 0.20460128039121628 44
1720347278543 0.20595168694853783 45
1720347328636 0.20713955163955688 46
1720347376920 0.205613911151886 47
1720347418626 0.20347953960299492 48
1720347462208 0.2063206173479557 49
1720347504438 0.20510557666420937 50
1720347558238 0.20578616112470627 51
1720347606926 0.20627424493432045 52
1720347647847 0.2076093666255474 53
1720347696344 0.20602969825267792 54
1720347743351 0.2078183889389038 55
1720347788373 0.20562153682112694 56
1720347835974 0.20829758793115616 57
1720347880604 0.2061995379626751 58
1720347930033 0.20342957973480225 59
1720347977663 0.20500029996037483 60
1720348020065 0.20471706986427307 61
1720348064998 0.20406831428408623 62
1720348111132 0.20535041391849518 63
1720348164123 0.20821132510900497 64
1720348213948 0.2056487314403057 65
1720348252348 0.20362429320812225 66
1720348300148 0.20431111752986908 67
1720348341435 0.205747552216053 68
1720348390977 0.2066485472023487 69
1720348438784 0.2038777470588684 70
1720348485800 0.20539474114775658 71
1720348535803 0.20445553585886955 72
1720348586288 0.20540368929505348 73
1720348631644 0.20771028846502304 74
1720348675516 0.2048082798719406 75
1720348727488 0.2044823206961155 76
1720348773903 0.20619101077318192 77
1720348823968 0.2058911882340908 78
1720348869973 0.2061145231127739 79
1720348919245 0.20458411052823067 80
1720348965673 0.20493779703974724 81
1720349013294 0.20471632853150368 82
1720349056483 0.20796950533986092 83
1720349104072 0.20501800626516342 84
1720349151702 0.20703013241291046 85
1720349202232 0.2068863958120346 86
1720349246391 0.20517780631780624 87
1720349295435 0.20664748176932335 88
1720349339499 0.20514777302742004 89
1720349379533 0.2047743909060955 90
1720349426570 0.20484957844018936 91
1720349477450 0.2064398042857647 92
1720349520565 0.2080252543091774 93
1720349565032 0.20940159261226654 94
1720349608233 0.2057892382144928 95
1720349645764 0.20504257082939148 96
1720349685985 0.20608289167284966 97
1720349733900 0.2065967582166195 98
1720349780747 0.20563270524144173 99
