1720333268024 0.21513672173023224 0
1720333296979 0.21310244128108025 1
1720333327994 0.2090393453836441 2
1720333359298 0.20707589387893677 3
1720333389547 0.2044476419687271 4
1720333445534 0.2018045298755169 5
1720333503832 0.20346757397055626 6
1720333534483 0.2029223032295704 7
1720333564725 0.20177175849676132 8
1720333595770 0.20176438242197037 9
1720333659463 0.20138656347990036 10
1720333690077 0.20281751453876495 11
1720333719204 0.2015009969472885 12
1720333747917 0.20133812353014946 13
1720333776568 0.20392313972115517 14
1720333805212 0.20096740126609802 15
1720333833660 0.20106230303645134 16
1720333862611 0.20268690586090088 17
1720333892605 0.20211772993206978 18
1720333922943 0.2031235583126545 19
1720333953067 0.2033482827246189 20
1720333982692 0.20449186116456985 21
1720334012603 0.2016320563852787 22
1720334042996 0.203288946300745 23
1720334071560 0.2045663259923458 24
1720334100238 0.20157570391893387 25
1720334128787 0.20231983810663223 26
1720334158084 0.2034151740372181 27
1720334186977 0.20392491295933723 28
1720334216573 0.20391272753477097 29
1720334246532 0.20185314491391182 30
1720334276321 0.20261605456471443 31
1720334306174 0.20242925360798836 32
1720334336325 0.20053518936038017 33
1720334366236 0.2014537863433361 34
1720334396255 0.2016117013990879 35
1720334429116 0.20149394497275352 36
1720334459394 0.20229722931981087 37
1720334489575 0.20151128247380257 38
1720334523509 0.20062393695116043 39
1720334558907 0.19957680255174637 40
1720334591041 0.20086411759257317 41
1720334624104 0.2001345306634903 42
1720334660976 0.2010313905775547 43
1720334695759 0.20095403864979744 44
1720334730657 0.2015722319483757 45
1720334764542 0.2004593424499035 46
1720334798154 0.2002299726009369 47
1720334833698 0.20006930828094482 48
1720334870469 0.2002745233476162 49
1720334905586 0.2002999484539032 50
1720334945566 0.20221001282334328 51
1720334981737 0.20289013162255287 52
1720335019881 0.19996203109622002 53
1720335056040 0.19971000775694847 54
1720335096050 0.19981400668621063 55
1720335133768 0.20353008806705475 56
1720335169506 0.19973179697990417 57
1720335203874 0.19975167885422707 58
1720335239444 0.20068833604454994 59
1720335272950 0.20066717639565468 60
1720335307739 0.20150314271450043 61
1720335341377 0.20141353458166122 62
1720335372939 0.20112935826182365 63
1720335408960 0.1982719711959362 64
1720335442453 0.19919763505458832 65
1720335478975 0.19930949434638023 66
1720335515201 0.20119452476501465 67
1720335557419 0.19938228279352188 68
1720335591524 0.2004239857196808 69
1720335621657 0.20036324113607407 70
1720335652354 0.20026561245322227 71
1720335682865 0.20040853694081306 72
1720335712916 0.20059138536453247 73
1720335743397 0.20053836330771446 74
1720335773862 0.200534887611866 75
1720335804430 0.20047765970230103 76
1720335835139 0.20047573000192642 77
1720335865564 0.2012697495520115 78
1720335896545 0.2004086747765541 79
1720335925250 0.20033718645572662 80
1720335954516 0.20129293575882912 81
1720335984923 0.20027706772089005 82
1720336016118 0.19952160492539406 83
1720336046561 0.19858530163764954 84
1720336077056 0.20146706700325012 85
1720336106861 0.19949869066476822 86
1720336137231 0.2014014907181263 87
1720336165853 0.20136863738298416 88
1720336195242 0.2015192173421383 89
1720336224895 0.19946569204330444 90
1720336253246 0.20052896812558174 91
1720336281844 0.20051227882504463 92
1720336312534 0.20314419269561768 93
1720336342991 0.19947494193911552 94
1720336373511 0.1993752270936966 95
1720336402164 0.20026998966932297 96
1720336431010 0.19950466230511665 97
1720336461748 0.19969040900468826 98
1720336498145 0.2033490277826786 99
