1732209793623 0.16980586767196656 0
1732209855874 0.16971235513687133 1
1732209917397 0.1697072720527649 2
1732209980194 0.1700206708908081 3
1732210042255 0.16999105215072632 4
1732210103699 0.16972498416900636 5
1732210165663 0.16965188026428224 6
1732210228126 0.16985686540603637 7
1732210289755 0.1699357223510742 8
1732210352468 0.16959666967391968 9
1732210414437 0.16994670152664185 10
1732210476254 0.16973069667816162 11
1732210537866 0.1701159381866455 12
1732210599644 0.17002307653427123 13
1732210661344 0.16992583990097046 14
1732210722833 0.17007385492324828 15
1732210785143 0.16994128465652467 16
1732210847226 0.17019513845443726 17
1732210909324 0.1701858401298523 18
1732210971243 0.17015650987625122 19
1732211032984 0.16996096611022948 20
1732211095274 0.17031400680541992 21
1732211156795 0.17034827232360839 22
1732211219585 0.1701168727874756 23
1732211281419 0.17038032054901123 24
1732211344094 0.170144362449646 25
1732211406312 0.1704637050628662 26
1732211468608 0.17038675785064697 27
1732211530172 0.170124192237854 28
1732211592348 0.1706555128097534 29
1732211654730 0.17017482042312623 30
1732211715238 0.17038926362991333 31
1732211776088 0.17041566848754883 32
1732211837554 0.1704253363609314 33
1732211899537 0.1712175750732422 34
1732211961722 0.17139734506607054 35
1732212023954 0.17148148775100708 36
1732212086301 0.17206737518310547 37
1732212148297 0.17221635103225708 38
1732212209940 0.1719038224220276 39
1732212271630 0.17176859140396117 40
1732212333130 0.17120106697082518 41
1732212394856 0.1710439467430115 42
1732212456046 0.17087779998779296 43
1732212518360 0.17117056369781494 44
1732212580482 0.17099853515625 45
1732212642202 0.17088342905044557 46
1732212704080 0.1709577751159668 47
1732212766245 0.1707478094100952 48
1732212828348 0.1704649829864502 49
1732212890221 0.17049849271774292 50
1732212951637 0.1706588625907898 51
1732213012959 0.17060763597488404 52
1732213073888 0.1703467011451721 53
1732213135375 0.1704189109802246 54
1732213196924 0.17059322834014892 55
1732213258356 0.17067615032196046 56
1732213320807 0.1706627583503723 57
1732213383427 0.17055988311767578 58
1732213445626 0.17027998924255372 59
1732213507477 0.1704456067085266 60
1732213568922 0.17021589517593383 61
1732213630617 0.1705993628501892 62
1732213692327 0.17062849283218384 63
1732213753632 0.1706154751777649 64
1732213815576 0.17063721179962157 65
1732213877718 0.17068756341934205 66
1732213939773 0.17048835515975952 67
1732214002386 0.17044994115829468 68
1732214063951 0.1706725287437439 69
1732214125367 0.17094337940216064 70
1732214186722 0.17072579622268677 71
1732214248650 0.170781991481781 72
1732214310717 0.17069943189620973 73
1732214372540 0.1707525396347046 74
1732214433639 0.17078295469284058 75
1732214495199 0.1711682677268982 76
1732214557691 0.1709397578239441 77
1732214619610 0.1711045503616333 78
1732214681933 0.17086175680160523 79
1732214743482 0.17073230743408202 80
1732214805297 0.17065388917922975 81
1732214866897 0.17058874607086183 82
1732214928600 0.17094943761825562 83
1732214990881 0.17086927652359007 84
1732215052427 0.1709643316268921 85
1732215114249 0.17094257831573487 86
1732215177128 0.17096405029296874 87
1732215240016 0.17097532987594605 88
1732215302287 0.1708763074874878 89
1732215364560 0.1708061671257019 90
1732215426769 0.1709198260307312 91
1732215488979 0.17102892875671385 92
1732215551260 0.1706051468849182 93
1732215613513 0.17067532777786254 94
1732215675353 0.17057640552520753 95
1732215737521 0.1708711242675781 96
1732215800080 0.17042439937591553 97
1732215862071 0.17062028408050536 98
1732215924423 0.1704549288749695 99
