1720336537121 0.19916598871350288 0
1720336578344 0.199017733335495 1
1720336611136 0.19899781048297882 2
1720336647235 0.20088864862918854 3
1720336682844 0.19985119625926018 4
1720336718493 0.20081263035535812 5
1720336756679 0.1987367756664753 6
1720336796279 0.19862808287143707 7
1720336840853 0.19853071868419647 8
1720336881440 0.1984320990741253 9
1720336928652 0.20107951760292053 10
1720336971019 0.19902149587869644 11
1720337010837 0.19698549434542656 12
1720337058381 0.19978531822562218 13
1720337100599 0.19877464324235916 14
1720337147789 0.19877978414297104 15
1720337192960 0.1977587305009365 16
1720337235726 0.1997162662446499 17
1720337281715 0.1987629570066929 18
1720337324098 0.19876796379685402 19
1720337366690 0.19778859242796898 20
1720337412113 0.1977534331381321 21
1720337461463 0.19672175869345665 22
1720337504865 0.19764073938131332 23
1720337545590 0.19759000837802887 24
1720337589164 0.19756896421313286 25
1720337637996 0.19854458048939705 26
1720337679598 0.1985451839864254 27
1720337722925 0.1985461264848709 28
1720337766555 0.19854841753840446 29
1720337812777 0.19757553562521935 30
1720337858156 0.19855516031384468 31
1720337901920 0.19855600968003273 32
1720337946008 0.20050762593746185 33
1720337993633 0.1995328664779663 34
1720338037285 0.20050857961177826 35
1720338080266 0.19758040085434914 36
1720338125695 0.1995306834578514 37
1720338166786 0.20050757005810738 38
1720338215650 0.1985585242509842 39
1720338250412 0.19758152589201927 40
1720338290974 0.20246712118387222 41
1720338335176 0.19758983328938484 42
1720338374979 0.1966206356883049 43
1720338421153 0.19662493094801903 44
1720338466281 0.1985843926668167 45
1720338508657 0.19664356485009193 46
1720338551112 0.20054763928055763 47
1720338590508 0.19956936687231064 48
1720338634929 0.19761259108781815 49
1720338680687 0.19761237502098083 50
1720338720263 0.1995624117553234 51
1720338764485 0.19761504605412483 52
1720338808653 0.1985977366566658 53
1720338845629 0.19860465824604034 54
1720338883225 0.19664978608489037 55
1720338918809 0.19859594106674194 56
1720338961518 0.1986047737300396 57
1720339004782 0.19861697778105736 58
1720339042700 0.1986275017261505 59
1720339082441 0.19960449635982513 60
1720339125943 0.1966940350830555 61
1720339170362 0.19864323362708092 62
1720339213511 0.19863701984286308 63
1720339259908 0.19864756241440773 64
1720339301076 0.19767852127552032 65
1720339346084 0.1986718848347664 66
1720339389598 0.1986609622836113 67
1720339431586 0.19767367467284203 68
1720339472229 0.19667984917759895 69
1720339512021 0.19960059225559235 70
1720339553013 0.19765736907720566 71
1720339597817 0.19961027801036835 72
1720339639554 0.196685791015625 73
1720339685927 0.19962385669350624 74
1720339722542 0.19865499809384346 75
1720339763743 0.1967102289199829 76
1720339805936 0.1976999044418335 77
1720339850716 0.1986803151667118 78
1720339892319 0.19868573173880577 79
1720339937304 0.1987023763358593 80
1720339977529 0.1967700719833374 81
1720340017981 0.2006753571331501 82
1720340063251 0.19781028479337692 83
1720340108647 0.19685091450810432 84
1720340151221 0.19781092554330826 85
1720340191337 0.19967897608876228 86
1720340232322 0.19770513102412224 87
1720340269195 0.19671840220689774 88
1720340313966 0.19669662043452263 89
1720340353287 0.19863846898078918 90
1720340395882 0.1996072717010975 91
1720340433640 0.19766506552696228 92
1720340474472 0.19669216871261597 93
1720340514724 0.19669556617736816 94
1720340552539 0.1976929008960724 95
1720340597490 0.19964393600821495 96
1720340642257 0.19963689893484116 97
1720340687064 0.1996457800269127 98
1720340734657 0.19868292286992073 99
