1720340781745 0.19967876747250557 0
1720340824638 0.20066631957888603 1
1720340865865 0.19970611110329628 2
1720340907843 0.1997281238436699 3
1720340951968 0.20170540735125542 4
1720340993750 0.20173878967761993 5
1720341031541 0.19889714568853378 6
1720341081009 0.19993693381547928 7
1720341121266 0.19815346598625183 8
1720341166589 0.19934389740228653 9
1720341212894 0.20318247750401497 10
1720341246911 0.19860275834798813 11
1720341294266 0.1996588557958603 12
1720341342074 0.19979063794016838 13
1720341387314 0.20094716176390648 14
1720341423021 0.2002267800271511 15
1720341468017 0.20228978246450424 16
1720341515458 0.2025788240134716 17
1720341562206 0.20278505980968475 18
1720341606573 0.20289313793182373 19
1720341651398 0.2022191733121872 20
1720341692826 0.2011435553431511 21
1720341733149 0.20296139270067215 22
1720341781510 0.20154154300689697 23
1720341826052 0.2035130150616169 24
1720341870511 0.20112798735499382 25
1720341909262 0.20303283259272575 26
1720341955567 0.2035723626613617 27
1720341997270 0.2035532183945179 28
1720342042108 0.20452459529042244 29
1720342082139 0.20389442518353462 30
1720342127136 0.20527533814311028 31
1720342172389 0.20207319408655167 32
1720342212647 0.20259785279631615 33
1720342252379 0.2041800133883953 34
1720342291518 0.20437751337885857 35
1720342331072 0.20590849593281746 36
1720342374571 0.20342572778463364 37
1720342424274 0.20129960030317307 38
1720342468093 0.20535562932491302 39
1720342512492 0.20451849326491356 40
1720342557739 0.20400912314653397 41
1720342605547 0.20660746842622757 42
1720342644909 0.20551452413201332 43
1720342689205 0.2056046798825264 44
1720342737417 0.20408423990011215 45
1720342789915 0.20470964908599854 46
1720342833160 0.20374121516942978 47
1720342874110 0.20798582956194878 48
1720342918762 0.20431044697761536 49
1720342957691 0.2058120034635067 50
1720343000838 0.20626398548483849 51
1720343046637 0.20584073290228844 52
1720343082605 0.20827317982912064 53
1720343124420 0.20781907066702843 54
1720343166666 0.20979733765125275 55
1720343206616 0.20825837180018425 56
1720343248247 0.20808009058237076 57
1720343281383 0.2075873464345932 58
1720343322621 0.20928460359573364 59
1720343369577 0.2090795449912548 60
1720343417283 0.209071796387434 61
1720343456980 0.20827466249465942 62
1720343498071 0.20853237062692642 63
1720343544537 0.20825663208961487 64
1720343582384 0.20938680320978165 65
1720343626696 0.207890335470438 66
1720343674103 0.2089303843677044 67
1720343721525 0.21007906273007393 68
1720343759959 0.20824141800403595 69
1720343807469 0.20786764472723007 70
1720343844129 0.20721319317817688 71
1720343890493 0.20807012543082237 72
1720343934178 0.20757871493697166 73
1720343975235 0.20841984823346138 74
1720344016163 0.20759671926498413 75
1720344060561 0.2075543850660324 76
1720344108596 0.2090141326189041 77
1720344149440 0.20808273553848267 78
1720344194365 0.20664957910776138 79
1720344237962 0.20794402062892914 80
1720344276033 0.21074264869093895 81
1720344314519 0.2058737948536873 82
1720344357265 0.20790763944387436 83
1720344399291 0.20828086510300636 84
1720344444172 0.20817232131958008 85
1720344489174 0.20804522559046745 86
1720344535892 0.2079629972577095 87
1720344581238 0.20744262263178825 88
1720344628942 0.2081916481256485 89
1720344673507 0.2088392674922943 90
1720344715411 0.20674918219447136 91
1720344764481 0.20803149044513702 92
1720344813508 0.21037797257304192 93
1720344858336 0.20887120813131332 94
1720344895132 0.20868069306015968 95
1720344934862 0.20857353508472443 96
1720344982256 0.20879550650715828 97
1720345031099 0.21020911261439323 98
1720345077289 0.2081787772476673 99
