1739918589007 0.2815086974038018 0
1739918622028 0.2810179591178894 1
1739918655228 0.2829550372229682 2
1739918688524 0.2816859549946255 3
1739918721602 0.28143419822057086 4
1739918755042 0.2827257778909471 5
1739918788151 0.2825574278831482 6
1739918821278 0.2799514863226149 7
1739918854582 0.2827194531758626 8
1739918887811 0.28292693032158744 9
1739918920844 0.2797251211272346 10
1739918954380 0.2829754948616028 11
1739918987768 0.28276260693868 12
1739919021063 0.2814195884598626 13
1739919054312 0.28272415532006157 14
1739919087532 0.2814396354887221 15
1739919121060 0.281485829088423 16
1739919154419 0.2823298970858256 17
1739919187660 0.2812475628323025 18
1739919220992 0.28032510810428196 19
1739919254080 0.28209607468711007 20
1739919287397 0.2814531193839179 21
1739919320450 0.2810479203859965 22
1739919353949 0.2810187074873183 23
1739919387356 0.2825775014029609 24
1739919420748 0.2823185324668884 25
1739919454455 0.2797160810894436 26
1739919487550 0.2823181086116367 27
1739919520509 0.28252437379625106 28
1739919554000 0.28234069877200657 29
1739919587479 0.2810355756017897 30
1739919620497 0.28292763895458645 31
1739919653902 0.2814718683560689 32
1739919687340 0.28233783774905735 33
1739919720880 0.2809974021381802 34
1739919754115 0.28099119663238525 35
1739919787600 0.279712094200982 36
1739919821296 0.2818465563986037 37
1739919854500 0.278382056289249 38
1739919888157 0.28274083137512207 39
1739919922048 0.2808336880471971 40
1739919955539 0.2810336152712504 41
1739919989220 0.2825244069099426 42
1739920022894 0.2823541892899407 43
1739920056105 0.2825478778945075 44
1739920089931 0.28253334098392063 45
1739920123802 0.28125476174884373 46
1739920157577 0.2814754578802321 47
1739920191383 0.28296969996558297 48
1739920225332 0.2808043559392293 49
